natives_rannudian = {
	graphical_culture = inuitgfx
	color = { 0 255 255 }
	icon = 4
	
	unit = sm_lem_native_kop
	
	provinces = {
		778 811 812 813 814 815 818 816 826 828 829 1763 817 1876 1856 1857 1858 1761 827
		819 820 830 831 832 833 834 1870 1871 1872 1866 1859 1877 1878 1861 1862 1863 1864
		1865 757 1954 1942 1943 1952
	}
}

natives_lem = {
	graphical_culture = northamericagfx
	color = { 0 255  0 }
	icon = 1
	
	unit = sm_lem_native_kop
	
	provinces = {
		300 301 302 303 304 305 306 307 745 746 747 748 749 750 751 752 753 754 755 756
		759 760 761 762 763 764 765 766 768 769 770 771 772 773 774 775 776 777 779 780 781
		782 783 785 786 787 788 789 790 791 792 795 796 797 798 799 800 801 802 803 804
		805 806 807 808 809 810 
		1762 1306
		1764 1860 1867 1868 1869
		1875 1879 1880 1881 1882 1931 1933 1934 1935 1936 1937 1938
		1939 1940 1941 1944 1945 1946 1947 1948 1949 1950 1951 1953 1955 1901
	}
}

natives_kongorlotez = {
	graphical_culture = southamericagfx
	color = { 255  255  0 }
	icon = 5
	
	unit = sm_native_kop
	
	provinces = {
		569 570 853 1168 1169 1170 1171 1172 1173 1174 1175 1176 1177 1178 1179 1180 1181 1182 1183 1184 1185
		1186 1187 1188 1189 1190 1191 1192 1193 1194 1238 1236 1237 1239 1225 1240 1241 1242
	}
}

natives_obsh = {
	graphical_culture = southamericagfx
	color = { 255  0  0 }
	icon = 6
	
	unit = sm_native_kop
	
	provinces = {
		# Central lands
		490 518 521 523 517 529 530 531 540 528 537 542 544 545 453 467 469 474 489 659 532 533 534 535 536 794
		478 479 519 520 543 539 522 524 525 793
		# Fongs
		348 349 350 887 888 351 527
		# Utenia
		1153
		# Kosoy & Bakenrou
		604 605 606 602 603 592 607 611 612 616 564 613 821 822 823 824 843 844 845 846 617 1167 847 1166 1003
		945 609 610 944
		566 586 587 590 591 1143 1144 1145 585 588 589 593 594 608 1141 1142 379 567 568
		# Malishian islands
		198 205 217 218
		# Islands
		866 867 868 869 857 858 859 854 855 856 860 861 1243 1244 1245 1981 1983 1974 1965 1967 1969 862 1966 863
		1971 1972 1968 1973 864 1970
		# Posoh
		850 851 852 1232 1233 1234 1235
		# North
		493
		# Gurvalia
		1206 1207 1209 1208 1210 1203 1204 1211 1213 1214 1215 1202 1205 1212 1216 1217 1218 1219 1220 1221 1222 1223
		
		734 735 736 737 738 739 740 741 742 743 744
		# Slavenian
		238 239 240 256 299 241 242 243 274 245 246 244 248 247
	}
}

natives_nordic_standart = {
	graphical_culture = southamericagfx
	color = { 150 255 255 }
	icon = 4
	
	unit = sm_native_kop
	
	provinces = {
		# North
		497 942 943 495 498 496 950 951 949 510 509 1855 1854 1749 1750 1751 1752 1753 1754 840 838 837 836
		839 1756 849 1759 1757 1848
		# Taifalia
		669 673 676 677 678 679 680 681 682 683 685 686 688 689 690 691 692 696 697 698 699 700 701 702 703 704
		705 706 707 709 710 711 712 713 714 715 719 720 721 722 723 724 725 726 727 728 729 730 731 732 733 462
		506 507 508 675 684 687 708 670 671 672 694 695 716 717 718
		# Shetlands
		91 92 378
	}
}

natives_kebabian = {
	graphical_culture = inuitgfx
	color = { 100 100 0 }
	icon = 4
	
	unit = sm_native_kop
	
	provinces = {
		2 3 4 5 6 7 9 10 11 12 13 14 15 16 18 19 20
		1195 1196 1197 1198 1200 1201 1767 1224
		1768 1769 1770 1771 1772 1773 1774 1775 1776 1777 1778 1779 1780 1781 1783 1784 1785 1787
		1788 1789 1790 1791 1792 1793 1794 1795 1796 1797 1798 1799 1800 1801 1802 1803 1805 1806 1807
		1808 1809 1810 1811 1812 1813 1814 1815 1816 1817 1818 1819  1820 1821 1822 1823 1824 1825 1826 1765
		1827 1828
	}
}
